%YAML:1.0
cameraMatrix: !!opencv-matrix
   rows: 3
   cols: 3
   dt: d
   data: [ 1.0667003209891650e+03, 0., 9.5704089128685291e+02, 0.,
       1.0780746256204068e+03, 5.5130494725025858e+02, 0., 0., 1. ]
distortionCoefficients: !!opencv-matrix
   rows: 1
   cols: 5
   dt: d
   data: [ 8.1387489354584105e-02, -1.4114420931498753e-01,
       8.8205722045071465e-04, -7.8383839197918606e-05,
       6.4080292426661287e-02 ]
rotation: !!opencv-matrix
   rows: 3
   cols: 3
   dt: d
   data: [ 1., 0., 0., 0., 1., 0., 0., 0., 1. ]
projection: !!opencv-matrix
   rows: 4
   cols: 4
   dt: d
   data: [ 1.0667003209891650e+03, 0., 9.5704089128685291e+02, 0., 0.,
       1.0780746256204068e+03, 5.5130494725025858e+02, 0., 0., 0., 1.,
       0., 0., 0., 0., 1. ]
