%YAML:1.0
cameraMatrix: !!opencv-matrix
   rows: 3
   cols: 3
   dt: d
   data: [ 3.6024230040535485e+02, 0., 2.4835732038890413e+02, 0.,
       3.6409951986457122e+02, 2.0544710383739783e+02, 0., 0., 1. ]
distortionCoefficients: !!opencv-matrix
   rows: 1
   cols: 5
   dt: d
   data: [ 6.8564075015438292e-02, -2.2910925118035061e-01,
       -5.2594438174490476e-04, 3.3598028366897545e-04,
       7.5052390606153041e-02 ]
rotation: !!opencv-matrix
   rows: 3
   cols: 3
   dt: d
   data: [ 1., 0., 0., 0., 1., 0., 0., 0., 1. ]
projection: !!opencv-matrix
   rows: 4
   cols: 4
   dt: d
   data: [ 3.6024230040535485e+02, 0., 2.4835732038890413e+02, 0., 0.,
       3.6409951986457122e+02, 2.0544710383739783e+02, 0., 0., 0., 1.,
       0., 0., 0., 0., 1. ]
