%YAML:1.0
cameraMatrix: !!opencv-matrix
   rows: 3
   cols: 3
   dt: d
   data: [ 3.8010965095391077e+02, 0., 2.4613251749743625e+02, 0.,
       3.5257719275813201e+02, 2.0658790878797558e+02, 0., 0., 1. ]
distortionCoefficients: !!opencv-matrix
   rows: 1
   cols: 5
   dt: d
   data: [ 1.0041369107868946e-01, -3.0029478451228142e-01,
       7.2557398135630099e-04, -7.4248925693946909e-04,
       1.1792776343003659e-01 ]
rotation: !!opencv-matrix
   rows: 3
   cols: 3
   dt: d
   data: [ 1., 0., 0., 0., 1., 0., 0., 0., 1. ]
projection: !!opencv-matrix
   rows: 4
   cols: 4
   dt: d
   data: [ 3.8010965095391077e+02, 0., 2.4613251749743625e+02, 0., 0.,
       3.5257719275813201e+02, 2.0658790878797558e+02, 0., 0., 0., 1.,
       0., 0., 0., 0., 1. ]
