%YAML:1.0
cameraMatrix: !!opencv-matrix
   rows: 3
   cols: 3
   dt: d
   data: [ 1.1062008346707187e+03, 0., 9.5463178384745072e+02, 0.,
       1.0268327903384086e+03, 5.4967591349065140e+02, 0., 0., 1. ]
distortionCoefficients: !!opencv-matrix
   rows: 1
   cols: 5
   dt: d
   data: [ 8.4573162379851449e-02, -1.4317909732976844e-01,
       8.6311070879782203e-04, -4.0603934577447504e-04,
       6.4779092186845369e-02 ]
rotation: !!opencv-matrix
   rows: 3
   cols: 3
   dt: d
   data: [ 1., 0., 0., 0., 1., 0., 0., 0., 1. ]
projection: !!opencv-matrix
   rows: 4
   cols: 4
   dt: d
   data: [ 1.1062008346707187e+03, 0., 9.5463178384745072e+02, 0., 0.,
       1.0268327903384086e+03, 5.4967591349065140e+02, 0., 0., 0., 1.,
       0., 0., 0., 0., 1. ]
